# Fixed run used for examples.
SERIES <- structure(c(2.91970401706504, -4.1761958709231, -1.35997123238633,
                      -2.09810604767589, 2.59245040460062, -0.524435837991861, -1.170272999839,
                      2.47933261507905, 0.459332055208452, 0.198993168268843, 1.00249766737404,
                      0.856201726968363, -2.77820946476256, 1.52157258236699, 1.66960726521702,
                      1.25374482043933, -0.611213100491062, -4.15072634350095, -1.25360928893376,
                      -2.86072386265049, 4.43935585921133, -1.17780122085301, -0.584424659191568,
                      3.30575381680544, 2.46513454081151, -0.949518205438753, 1.41068764657828,
                      -0.299221756994752, -3.34326039964286, -0.232545729993077, 2.40935933699312,
                      0.589234637284423, -2.12428581629016, -3.06921299528637, -1.63121709366317,
                      -3.87911295713036, 5.03025733494172, -2.76263472796017, -0.113391939884525,
                      2.71061464922589, 1.30683827249776, -1.32615906269257, 0.670660258798446,
                      -1.39199293429515, -2.72761725639108, -0.72066172963608, 1.8451982842925,
                      0.233474966074614, -0.725955813458873, -1.98393973179874, -1.55115225263746,
                      -3.01997076245957, 2.97970608171135, -3.39391578876077, -0.48964551065929,
                      1.1223622376565, 0.518257587937802, -0.564681393769106, 0.946476700057934,
                      -3.28499187116563, -4.11841664368487, 0.307001512851859, -0.00949123021210596,
                      1.00780942067111, -0.012391411455776, -3.86132045718717, -3.20791719374269,
                      -0.216602227203738, 2.07732152013783, -4.12397473802027, -0.458777207018275,
                      -1.04928422816135, 1.34170883480918, 1.51395515553883, -0.314511370209894,
                      -3.68906880067451, -4.35935217754216, 1.97806366487753, -0.297723831670712,
                      2.32208632520516, 0.126097435861315, -6.06307540161559, -4.56484297614633,
                      -0.034865086505775, 1.77008584799928, -3.08949063650254, -0.0385898361704779,
                      -1.58252530546188, 1.47525630829123, 2.27328575833194, -1.26440916208214,
                      -3.09797581934729, -1.66686629349228, 3.54761445354148, 0.24531292270241,
                      3.06440412540433, -1.1215533205581, -5.74994276992956, -1.90561330416715,
                      -0.500867706195303, 1.70843398586319, -2.17957126038041, -0.814927945300203,
                      -0.175210612995138, 0.65124489386558, 0.0450121129414382, -1.54652634655934,
                      -3.65263392661918, 0.370748026137214, 2.0398314468435, -0.877078915429449,
                      2.98162796659472, -1.22334105832495, -4.47856817873081, 0.523981356467617,
                      -1.12877485256175, 1.96144895837758, -1.34907120758816, -0.560878957119024,
                      0.246261850062948, -0.0350748049978697, -2.51836959623469, -0.263057910668768,
                      -4.17447357240188, 0.900556705181687, 0.686130343207359, -2.20280970609683,
                      2.0440357377221, -2.71493610107127, -4.51226165508634, 1.71593442862654,
                      0.509714605430966, 0.733375155566188, 0.852943482036675, -0.923336386959386,
                      -1.77709300688694, -1.77788245107295, -0.72897543768454, -0.0184826779545394,
                      -2.16441344011441, 1.33802807227478, 0.122137377969717, -0.279448032787677,
                      1.47405913272107, -2.68425084343444, -3.98156794182196, 3.19353069420469,
                      2.09392671540863, -0.601208622954967, 3.0834506967431, 0.0238375999728282,
                      -3.05449093729493, -2.64815338628977, 0.805879398122276, 0.201280927286651,
                      0.642595134730585, 0.989397520232488, -0.290075775922112, -0.275063451694478,
                      -1.47055429457963, 0.0554747925191353, -3.60517305868987, 2.65431271450293,
                      1.94385385109036, -0.349860308172431, 5.99044864714836, 0.120895923262437,
                      -2.99131306853358, -2.16630328874359, 3.7410218514503, -1.24000222493566,
                      2.40440180303873, 0.25044307338546, -0.577911270730025, -0.0323100726931386,
                      -3.7410036314413, 2.48555745347708, -2.69061738331334, 1.27437150585101,
                      0.495016399367146, 1.2881638217817, 5.65176523539626, 0.393302378415389,
                      -2.7674694865332, -0.0358389427440733, 5.54023981148191, 0.0822744452981796,
                      1.50576194055772, -2.29905918840936, -0.00261031578437839, -0.449398885897844,
                      -5.44138100583139, 4.48345354994182, -0.802438719105917, 0.43823322161756,
                      -0.165303474978118, 3.56061708359635, 3.74726069458008, 0.648431827696626,
                      -1.37995737004279, 1.89355146801873, 4.96547896844899, 0.570800125234189,
                      0.396988599752794, -2.71266045894306, 0.526183365183799, 0.25490245396644,
                      -4.90337483133289, 2.95286475881838, -0.731682955862284, 0.821829078829125,
                      0.336958427755271, 2.49816590701387, 2.0171647459407, 1.45195470647519,
                      0.359554134094588, 0.76258165042347, 4.04209473667299, 0.647614518134514,
                      2.06086694273847, -2.04679835311975, 0.821271838226784, 0.159141507744278,
                      -2.73585029510324, 2.31412507294521, -2.07480536557474, -0.122164640444803,
                      2.19631553400162, 0.516155613318719, 1.04907420714198, 1.75560152452771,
                      1.58123264274179, -1.6080986816692, 2.22896266936115, 0.327822603690778,
                      3.63887355153497, -1.13309632570089, 0.967870983125005, 0.519484976454081,
                      -1.81243579033614, 2.08237849446906, -3.68089225234342, -1.3793544004664,
                      2.42937018682782, -0.55658322189814, -2.99506357830434, 1.49021191246339,
                      -0.311088371244136, -3.02530338656272, 0.756949021932305, -1.04855902191777,
                      4.56113123741197, -1.58210442636207, -0.117809113320496, -0.883265731856547,
                      -0.379139984313374, 0.207793846796331, -2.4670503319932, -1.39575687393035,
                      2.92240590306165, -1.14007122179158, -4.01483021125617, -0.503589950121912,
                      -1.86933422962997, -2.61452952615651, -0.239712066291519, -1.45500547483995,
                      3.92640088188739, -1.30314432769123, 0.789798254677482, -0.679573156636637,
                      -0.0934742295144465, -0.847815210980881, -1.3860127985055, -0.577255275279454,
                      2.85561184133882, -2.14219878869656, -2.78954504996272, -2.27443103355693,
                      -2.32732707112397, -3.83225492489522, -0.365097751019489, -1.17631021277274,
                      2.23826586540787, 1.06832618101486, 0.314137525800157, 0.170919782180001,
                      0.975002826552092, 0.785047997131464, 0.224460038381682, -0.104701699227995,
                      3.22504442775539, -1.73988359997373, -1.52823664830082, -2.95389738902928,
                      -1.6855710012318, -3.53460283602085, -1.65824393958882, -1.23134386140263,
                      0.946612033226377, 3.60749760220436, 2.31390657600781, 1.19746308911116,
                      1.55897822011745, 1.00261579435525, 0.255075150726566, -0.420124327699281,
                      3.53035326336059, -0.547890513200344, -1.67720822870602, -4.14648149341993,
                      -0.972247164808835, -1.09574112024983, -0.456400012742247, -3.67816927720277,
                      -0.134432778391673, 2.52427850843413, 2.92820860169399, 0.0978801484487976,
                      2.74456871210211, -0.0446600774507706, -0.799820521837843, 0.658627414974214,
